# Generated by conda-lock.
# platform: win-64
# input_hash: e26412a31e2835a41ab2028156fd528de6eaf1b776785fd78ae175b94ae45684

channels:
  - conda-forge
  - nodefaults
dependencies:
  - _openmp_mutex=4.5=2_gnu
  - annotated-types=0.7.0=pyhd8ed1ab_1
  - bzip2=1.0.8=h2466b09_7
  - ca-certificates=2024.12.14=h56e8100_0
  - cached-property=1.5.2=hd8ed1ab_1
  - cached_property=1.5.2=pyha770c72_1
  - discretize=0.10.0=py310h4856b71_1
  - freetype=2.12.1=hdaf720e_2
  - h5py=3.12.1=nompi_py310h972678a_103
  - hdf5=1.14.4=nompi_hd5d9e70_105
  - intel-openmp=2024.2.1=h57928b3_1083
  - krb5=1.21.3=hdf4eb48_0
  - lcms2=2.16=h67d730c_0
  - lerc=4.0.0=h63175ca_0
  - libaec=1.1.3=h63175ca_0
  - libblas=3.9.0=26_win64_mkl
  - libcblas=3.9.0=26_win64_mkl
  - libcurl=8.11.1=h88aaa65_0
  - libdeflate=1.23=h9062f6e_0
  - libffi=3.4.2=h8ffe710_5
  - libgcc=14.2.0=h1383e82_1
  - libgomp=14.2.0=h1383e82_1
  - libhwloc=2.11.2=default_ha69328c_1001
  - libiconv=1.17=hcfcfb64_2
  - libjpeg-turbo=3.0.0=hcfcfb64_1
  - liblapack=3.9.0=26_win64_mkl
  - liblzma=5.6.3=h2466b09_1
  - libpng=1.6.45=had7236b_0
  - libsqlite=3.47.2=h67fdade_0
  - libssh2=1.11.1=he619c9f_0
  - libtiff=4.7.0=h797046b_3
  - libwebp-base=1.5.0=h3b0e114_0
  - libwinpthread=12.0.0.r4.gg4f2fc60ca=h57928b3_8
  - libxcb=1.17.0=h0e4246c_0
  - libxml2=2.13.5=he286e8c_1
  - libzlib=1.3.1=h2466b09_2
  - mkl=2024.2.2=h66d3029_15
  - numpy=1.26.4=py310hf667824_0
  - openjpeg=2.5.3=h4d64b90_0
  - openssl=3.4.0=ha4e3fda_1
  - pillow=10.3.0=py310h3e38d90_1
  - pip=24.3.1=pyh8b19718_2
  - pthread-stubs=0.4=h0e40799_1002
  - pydantic=2.10.5=pyh3cfb1c2_0
  - pydantic-core=2.27.2=py310hc226416_0
  - python=3.10.16=h37870fc_1_cpython
  - python_abi=3.10=5_cp310
  - scipy=1.14.1=py310hbd0dde3_2
  - setuptools=75.8.0=pyhff2d567_0
  - tbb=2021.13.0=h62715c5_1
  - tk=8.6.13=h5226925_1
  - typing-extensions=4.12.2=hd8ed1ab_1
  - typing_extensions=4.12.2=pyha770c72_1
  - tzdata=2024b=hc8b5060_0
  - ucrt=10.0.22621.0=h57928b3_1
  - vc=14.3=ha32ba9b_23
  - vc14_runtime=14.42.34433=he29a5d6_23
  - vs2015_runtime=14.42.34433=hdffcdeb_23
  - wheel=0.45.1=pyhd8ed1ab_1
  - xorg-libxau=1.0.12=h0e40799_0
  - xorg-libxdmcp=1.1.5=h0e40799_0
  - zstd=1.5.6=h0ea2cb4_0
  - pip:
      - geoapps-utils == 0.4.0rc1 --hash=sha256:248c43c0c2b1b6a259c84fd5a1a0eaab013ea0cd01522a1b95c58b183031f96c
      - geoh5py == 0.10.0rc1 --hash=sha256:50a6b8f52a0dafd9cff1706155c50262d66d193a063822f32837e0e424ead9f2

variables:
  KMP_WARNINGS: 0
